010000000000000000000000
001111111001010110110000
001111100101100000100010
001111000100101101110100
001110010111011001110101
001101011110001010001111
001100011001101110100100
001011001010111111101001
001001110010111110111001
001000010010110101011000
000110101011110010111110
000100111111001101010001
000011001110011110011011
000001011011000100000111
111111100110011110001001
111101110010001101011001
111011111111110010011001
111010010000101100001101
111000100110010111000110
110111000010001011010111
110101100101011100001111
110100010001010110101110
110011000111000000101010
110010000111010111110011
110001010011010001000001
110000101011010111100100
110000010000001100100101
110000000010000110101010
110000000001010001011110
110000001101101101101110
110000100111010001000101
110001001101100110010101
110010000000001101100111
110010111110011100111010
110100000111100000100001
110101011010011011110000
110110110110001001110001
111000011001011110010110
111010000011000111000010
111011110001101100000100
111101100011110001100111
111111010111111000111010
000001001100100001100001
000011000000001010100100
000100110001010100000001
000110011110011111111000
001000000110010011011111
001001100111011000100110
001011000000011110100110
001100010000011011011111
001101010110001100110111
001110010000111000110001
001110111111101110011101
001111100010000111000010
001111110111100101111101
001111111111111001010110
001111111010111010010110
001111101000101101000100
001111001001100000101000
001110011101101110111101
001101100101111100011011
001100100010110111010101
001011010101010111011010
001001111110011101000010
001000011111010000011000
000110111001000000100001
000101001101000010010111
000011011100101111100111
000001101001100101100001
111111110101000011101110
111110000000101011000001
111100001101111100000100
111010011110010110001010
111000110011010101111111
110111001110010100011011
110101110000100101010111
110100011011010110101011
110011001111101111001000
110010001110101101100011
110001011001000111111011
110000101111101010110010
110000010010111000100011
110000000011001001000111
110000000000101001100100
110000001011011011111111
110000100011010111011001
110001001000000111111011
110001111001001111000011
110010110110000011111111
110011111101110100001100
110101001111100100000110
110110101010001111110010
111000001100101011111100
111001110101100110110011
111011100011101001001111
111101010101010111110110
111111001001010100001011
000000111101111101111011
000010110001110100001101
000100100011010110110011
000110010001000111011010
000111111001101010110111
001001011011101010010100
001010110101110100011010
001100000110111110001110
001101001110000100011001
001110001010001011110101
001110111010100010101001
001111011110100000101001
001111110101100111111101
001111111111100101011001
001111111100010000101100
001111101011101100100101
001111001110000110110110
001110100011111000000100
001101101101100011010011
001100101011110101101010
001011011111100101110000
001010001001110010111000
001000101011100100010100
000111000110001000010100
000101011010110011001001
000011101010111101111011
000001111000000101100011
000000000011101001011100
111110001111001010010011
111100011100001000111000
111010101100000100101101
111001000000011010110111
110111011010100100110001
110101111011110111000000
110100100101100000001111
110011011000101000001101
110010010110001110101111
110001011111001010111111
110000110100001010101100
110000010101110001100011
110000000100011000110101
110000000000001110111110
110000001001010111011010
110000011111101010100011
110001000010110101111010
110001110010011100001110
110010101101110110000000
110011110100010001111000
110101000100110101010111
110110011110011101100011
111000000000000000000000
111001101000001011101101
111011010101101010000111
