001111101011100001010010
001100000100111110011110
000101011001001101100111
000011001100101000011000
000111101100010001101101
001101001001111001000111
001100100110110100001011
000101111100100111001011
000000000101001011110000
000000111000111001010001
000110011001000110100001
001001000100011111001000
000100101000011101000110
111101000001110111010111
111001110111100110000110
111101100100101000001010
000010100100100111110111
000001110011111010000100
111010111110011100111011
110100111000001100011100
110101100010010110111010
111011001011110001100100
111110010101011111101001
111010100001010000100101
110011011111100000001111
110000110111111100110111
110101010010001001001111
111011010010101101010110
111011110000000110001111
110110000111100000111100
110001000101011100001011
110010110010100100100010
111001101010010011111011
111110001111100100011111
111011110111110111000000
110110000110010100000110
110100100010100011000001
111010000000000110011110
000001001100100011011111
000010111000101101011101
111110010011000001011110
111010000000010011010001
111100010000101010110100
000011101100100110010001
001000111001110010000110
000111000010011010100111
000001011100111011100010
111111110001010100100111
000100111111111101111111
001100000000101111011011
001101100000010011001010
001000011111100100110000
000011011100100101010010
000100101111110010111100
001011010000000100100011
001111100111100000111101
001100110110011101100110
000110000111101001000000
000011000100001001010001
000110111010000100100000
001100101100110011010110
001101000110000110000000
000110111010001001100011
000000100000011111001011
000000011010000110001001
000101101100101001011010
001001000111010001001101
000101100000110010100001
111101111000000000101010
111001110110100010001100
111100110111101011000111
000010001010000111011001
000010010100011111010101
111011111101100111100010
110101010101010110111110
110101000011111100101111
111010011100111001100111
111110010011101001011000
111011010100100111100100
110100010001010101011101
110000110010010001100111
110100011110100010101010
111010101111000111111110
111100000110101011111000
110110111101100010101001
110001011010011010111001
110010001011011000001101
111000110000110011010100
111110000001111000111111
111100100000001001001000
110110101110111101001001
110100010100101101100011
111001000011101011000111
000000011111000100001100
000011000101110011001110
111111000001101111110001
111010010000010011001011
111011100101001111101000
000010101110010000100111
001000100111001101010010
000111100111100101110111
000010000101010100100100
111111100101001010100110
000100000101010100100010
001011010100100001111100
001101101111011110010100
001001010010110110000100
000011110011100111011110
000100001100001100000111
001010011000110011001001
001111011011100101000101
001101100011100010111111
000110111010001011011001
000011000011010110101010
000110001010000011000111
001100001001101101100110
001101011110000011010111
000111110111011101010001
000001000010110100010101
000000000001010011101101
000100111110000111000110
001001000010001111010111
000110010100101000011011
111110110010001011101011
111001111101010100001011
111100001101001111110100
000001101001111001010100
000010101101110011100101
111100111100011110011000
110101111001100110001010
110100101011110101100100
111001101100010011101000
111110001010001010110100
111100000011011011111010
110101000111001000000010
110000110100100101000110
110011101101110010001110
111010000110000101000011
111100010110000000100000
110111110011000110100010
110001110110011010110011
110001101010101001111010
110111110101110011111111
111101101100101000011100
111101000011101100010001
110111011011010101000000
110100001110110100110001
111000001010001111010111
111111101100001100110001
000011001011011101011001
