011111111111111110101100
011100000110111000110011
010100110001011000111100
010001111101101001101110
010110000000100011100101
011010111001001000101110
011001010001111100010001
010001000101000011110110
001001100100101000111011
001000111101111101011100
001101001100111010111011
001110011000001010100101
001000000000000000110100
111110010000000010111110
111001001010001110000011
111011010011001000110000
111110110101001010100110
111100010110010011000010
110011100010110110001010
101011100111000001110111
101010111001100110101010
101111100100100111001001
110001110000111100111001
101100110010001110111010
100100100110010110001000
100001001111010101100010
100101011110000100011001
101011100101001110011011
101100000011010110110011
100110010011110110000001
100001011001100100000110
100011110001100011110100
101011110001011101011011
110001100010011011010100
110000001001011110110001
101011010100110010101110
101011000100100110001111
110010010100101110111111
111011011111101110001011
111110111100101010000000
111011110101111111101110
111001000101010000110001
111101001110001011100000
000110110011001001011010
001101111111011100010101
001101101011100001111101
001001010111110000100001
001001000100100000000011
001111111011000010100101
011000100000110110111111
011011001001000000111101
010110110000001111100000
010010001001100111000110
010100000010100000001001
011011001101011111011100
011111111011101011101111
011100111100011111000100
010101100101010110110011
010001111001010111001010
010101010001110101100101
011010100010000011011011
011001111011101101110000
010010001111111000010011
001010001100011111010010
001000101001100100011110
001100101010111010111001
001110101000011111001011
001001001001001000010101
111111010111000110101101
111001010111001110101011
111010110001110100101100
111110100110111101111010
111101000101110100011011
110100110001111010001100
101100010001011111001010
101010100100011000101010
101110111100111101000010
110001110111011101001111
101101101111011001110011
100101100000011110010000
100001001101100001101100
100100101010010110100010
101011000000110001100011
101100011010100001111001
100111001010100000100101
100001101011110111101011
100011000011000000001001
101010101110001010101010
110001001011111001110010
110000101010011111110111
101011110101000010111111
101010101010100000001110
110001001000101111100000
111010100010110000101110
111110111100110101011100
111100011001001110110001
111001000111111111010011
111100010010010111111000
000101100011101000011010
001101011110010111111100
001110000101101101000000
001001110110000010100001
001000101100010110100000
001110110010111110111011
010111101001001010011100
011011010001000111001100
010111011111101110001001
010010011100110101100010
010011011001100010001111
011010010001011001110101
011111101110110100010110
011101101101001111111100
010110011101011100111001
010001111100111110110101
010100100101001111001000
011010000100011110111110
011010011101101000000000
010011011010010100001101
001010111011100111000000
001000011011011001100110
001100000110101001001000
001110110000100001010111
001010001101011110011011
000000100010011000011001
111001101100011111101110
111010010011001100011101
111110010010110011011010
111101101101110000101111
110110000000101111001101
101101000011011111111111
101010010101111011001000
101110010011101000011011
110001110110000101110110
101110100111111101110101
100110011110111100110111
100001010100010011110000
100011111001110101000010
101010010110110001100101
101100101010010000011000
101000000000111000011111
100010000101110000100010
100010011011011100010001
101001101001011111100010
110000101101100100010000
110001000110101011101101
101100011001010111010001
101010011000111001001110
110000000000000000000000
111001100000001101111111
111110110101001111110011
