011001100110011001100110
011001011011110001001101
011000111100000000110110
011000000111100010111001
010110111111000010111100
010101100011011101001100
010011110101111101101101
010001110111111111011100
001111101011001011000001
001101010001010101011010
001010101100011110010111
000111111110101110110100
000101001010010111000101
000010010001101100111110
111111010111001001110101
111100011101001000101000
111001100110000011110101
110110110100010011100010
110100001010001011010110
110001101001111000100101
101111010101100000010111
101101001110111101111100
101011011000000001000011
101001110010001100011111
101000011110110100110100
100111011110111111010011
100110110011100000111100
100110011100111101110110
100110011011101000110000
100110101111100010110000
100111011000011011010101
101000010101110000100001
101001100110101111011000
101011001010010100101001
101100111111001101101000
101111000011111001001110
110001010110101001001110
110011110101100011110001
110110011110100100110110
111001001111100000000110
111100000110000010100100
111110111111110100101001
000001111010011100000001
000100110011011101101101
000111101000100000000001
001010010111001100100111
001100111101010010011000
001111011000100111010111
010001100111001010100100
010011100111000101100101
010101010110101110001011
010110110100100111101000
010111111111100011111100
011000110110100100110111
011001011000111100101110
011001100110001110111101
011001011110010000100010
011001000001001000000110
011000001111001101110011
010111001001001011001001
010101101111111010010001
010100000100100101010101
010010001000100101011101
001111111101100001101001
001101100101001101011001
001011000001100111001110
001000010100110110111111
000101100001001100001011
000010101000111100000001
111111101110011111100011
111100110100010001101000
111001111100101100111001
110111001010001001110110
110100011110111100110001
110001111101010011110111
101111100111010101011000
101101011110111101110111
101011100101111110100110
101001111101111100000100
101000101000001100101011
100111100101110111101001
100110110111110100000100
100110011110101000001011
100110011010101000111010
100110101011111001100101
100111010010001011110101
101000001100111111111001
101001011011100100111001
101010111100111001100101
101100101111101101000111
101110110010100000001001
110001000011100110000011
110011100001000110010011
110110001000111110000101
111000111001000001111111
111011101110111111110001
111110101000100000010010
000001100011001001011111
000100011100100000010101
000111010010001010111000
001010000001110010010000
001100101001000100100100
001111000101110110111010
010001010110000111000011
010011010111111101001010
010101001001101101011011
010110101001111001010101
010111110111010001000001
011000110000110100001110
011001010101110011001000
011001100101101111000010
011001100000011010101101
011001000101111010100010
011000010110100100100100
010111010011000000000110
010101111100000101010001
010100010010111100010000
010010011000111100011001
010000001111101011000000
001101111000111010000110
001011010110100110111010
001000101010111000001110
000101110111111100101011
000011000000001000111000
000000000101110101011111
111101001011011101010001
111010010011011010111111
110111100000000111100001
110100110011110111110010
110010010000111010110101
101111111001011000000000
101101101111001101001100
101011110100001101000111
101010001001111101111110
101000110001110111111110
100111101101000100010011
100110111100011100000101
100110100000100111101111
100110011001111110010110
100110101000100101011100
100111001100010000111000
101000000100100011000010
101001010000101101001010
101010101111110000000000
101100100000011100100111
101110100001010101011001
110000110000101111010010
110011001100110011001101
110101110011011111100001
111000100010101001110010
