011111101011100001010010
011111101011100001010010
011011111110010101001110
010100111110101110001000
010010010001010110001100
010110000011101011100011
011010101000000011010110
011001000000100010101111
010001000111100110110101
001001111000001010101001
001001001011101110101001
001101000100111001011111
001110000011101100011001
000111110110111011100001
111110011100111011011110
111001011110000100001111
111011010110110101100010
111110100100011010010001
111100000100100110010001
110011100100110100000001
101011111010010111110011
101011000111110011001001
101111011101001000010010
110001011100100000010011
101100101000101000011001
100100110010110001010000
100001100011010100011011
100101100010010101110100
101011010100110011111111
101011110001010111101100
100110010101001110101010
100001101100101101010000
100100000000001010110110
101011101010100001100010
110001001110000001011001
101111111111010111100000
101011100000101111110110
101011011000101100110010
110010011001100100110101
111011001111101010100001
111110101010011001100000
111011110110110011000100
111001011000001100001010
111101011101001100010101
000110101100110000110101
001101101011000110000111
001101100000111010100000
001001100011001111000001
001001011000101101001110
010000000000011100100101
011000010001001010111010
011010110110100000000001
010110110000011101100001
010010011100010011110000
010100010001111001111110
011011000111101010100000
011111100111011010010011
011100110001010111111100
010101110000010110000100
010010001101101001111001
010101010111110011011101
011010010010101111110001
011001101000111101010101
010010001111100000111101
001010011110111100001101
001000111001010110100001
001100100101101001111010
001110010100010011100100
001000111101100010000111
111111100001100110001011
111001101011100101111010
111010111000010110001000
111110011000000011011101
111100110010110101011111
110100110000111101100001
101100100011101011011001
101010110100100010000110
101110111000010000010001
110001100011011000100000
101101100011010101000111
100101101010011101011000
100001100001111100011001
100100110001011011001101
101010110010010001000101
101100000111010101011100
100111001000111110101000
100001111101110010010010
100011010011100000001000
101010101010000010011000
110000110111111100111110
110000011101111101010101
101011111110100001001111
101010111110111101010100
110001010000010111000011
111010010100101010111111
111110101001011100011101
111100010111000111100111
111001011001100111010111
111100100011001101100100
000101100000000100110100
001101001010100100000101
001101111000101101010001
001001111110111111011011
001001000000110100111010
001110111011001000111011
010111011011100000001011
011010111101100010101100
010111011101000001111010
010010101110001010000110
010011101010101100101111
011010001110011011000110
011111011011001010011111
011101011111110011101011
010110100101110111111110
010010010001011101100001
010100101101111011001011
011001110111010000111001
011010001001111001000001
010011010111000011000001
001011001100100111001101
001000101100111000000001
001100000100001111011010
001110011101000010100000
001001111111100110010110
000000101010010001001110
111010000000111101100111
111010011100011010000110
111110000110000010001011
111101011001111000010010
110101111100111001001111
101101010100001010111011
101010100111101100100100
101110010001110011110111
110001100010110011000000
101110011001101010101000
100110100110010011000000
100001101000101111110010
100100000011100011110010
101010001010011101111000
101100010110001111011110
100111111100011101111100
100010010110000101010110
100010101101011111110011
101001101000010000001110
110000011010011110011100
110000110111111110001001
101100100000001010011000
101010101101010010010101
110000001010001111010111
111001010100011000011110
111110100001000111100000
