000111110101110000101001
000111110101110000101001
000101111111111110101111
000010101000001001000001
000001100000011001000101
000011011100111111110010
000101100010011010101100
000100111000101100001111
000010000100111000001111
000000000001100101100100
000000001110101111110011
000001010101011101001001
000001011010011110011111
000000011101111000110101
111111110111100010111011
000000000100111001000011
000000001010110000011101
111111101011011001111011
111111101011001101100100
000001001010010111010011
000011000111011100000100
000011011001111100101000
000001110000111110010000
000000101010111001110100
000010011000001011111100
000101101111101100111100
000111001111100001101000
000101010001100000001111
000010010110010101100001
000010000111110010000100
000100111000000000011110
000111001010111110100101
000110000110101011100111
000010110001011100100110
000000101101110000101000
000001100010000101011010
000011010001101001101001
000011010001110011110111
000001011011001100110001
111111110001110000110010
111111100111100111101101
000000001000010100000010
000000000111100000111101
111111110111000011101011
000000010110001100110100
000001010100111100010100
000001011011001010010001
000000010111100001001100
111111111011100101101111
000001101110000100000110
000100100110011100011110
000101101000011111011011
000011110010010010111100
000001100111010111100110
000010010011011101101101
000101100101000101000110
000111110011101101001111
000110011001001100000001
000010111111010111011001
000001011100110110101001
000011000111110100101111
000101011001010000101001
000101001000100011010111
000010011100100110100000
000000001010001000001011
000000000110111011000010
000001001110100001011000
000001011110110110010100
000000100110000001101000
111111111000111111010011
000000000010000110100011
000000001100011101000110
111111101111101011001111
111111100110010110111100
000000111010000111100011
000010111011001110000101
000011100000000010010010
000010000000011010110111
000000101011001011111010
000010000000110101000011
000101010110101010100101
000111010000001100101101
000101101001111011011111
000010100111111010111100
000001111100100101000000
000100011101111111111011
000111000010101010110010
000110011011001010000101
000011001100001011011110
000000110011110110000001
000001010100001011110111
000011000111010110100011
000011011010000111001101
000001101100010101000100
111111111010000001001000
111111100100100010010101
000000000101001011111100
000000001001110100010111
111111110111011100011101
000000001111001000010100
000001001110011010101100
000001011111011111111001
000000100000111010110001
111111111000000101110010
000001011000100001111010
000100010010001010100110
000101101011010100111110
000100000111001100111111
000001110001100010111100
000010000001101101011000
000101001001000010000001
000111101101100101101110
000110110000001100001000
000011011000101101001001
000001011100111010110000
000010110011010011001001
000101001101001111100101
000101010101101110001110
000010110100110101000100
000000010101001100110011
000000000000010110101101
000001000110100010011111
000001100001111010101010
000000101110011011000111
111111111011011011111110
111111111111010011111011
000000001101011000000000
111111110100001101111101
111111100011001001101110
000000101010101110110011
000010101101011010011101
000011100011110000111110
000010001111111111100001
000000101110011100111011
000001101011110000010110
000100111100000011011010
000111001100111101110101
000110000000101111111010
000010111100001001101010
000001110100111110000011
000100000100000011000111
000110110110110010100000
000110101100101110111001
000011100111111010100001
000000111101001011001100
000001000111101100011000
000010111011010011111010
000011100000001010100011
000001111101011100001010
000000000011111100010110
111111100010010111000111
