000010100010111011000010
000101001100001101111010
000111100011000001111100
001001110010001110111011
001100010011111010110001
001111001010010111000011
010001110100010111011100
010011101011000100001011
010100100110111100000010
010101000001011010110111
010011001011101010000100
010001110000001001101111
010000011000000100110000
001110010111011000111000
001011100010000010010000
001000011100000100101101
000101110001111101110000
000011100111001101101100
000001010100110100000011
111110011001010001001000
111011000010001111110001
110111111111010100100110
110101101101001101001010
110011110110111000110110
110001110000100101011000
101111001101000100110011
101100101111010011010111
101011000011101100101011
101010001110010000000110
101001100111011100001000
101000101011100100011110
100111100101011001001000
100111000010010110010001
100111011110000111111010
101000100010100101010101
101001100001011010010111
101010001001100111010001
101010111010100100101111
101100011110011111111000
101110110111111110100000
110001011101011011001111
110011100111101110101011
110101011101110011000000
110111101010010101100010
111010100111110010010010
111101111111000011101111
000000111111110111010111
000011010110010100010000
000101011111011011011111
001000000100101011111110
001011001001000111111000
001110000011010000001010
010000001010111100110001
010001100101111000010001
010010111110110001110100
010100110001110000101000
010110101001110111100110
010111111000000001001010
011000001000100111011001
010111111001011100110110
010111110110010111101010
011000000101111000001100
011000000001100001101101
010111000010111100110011
010101010001000110101010
010011011001000001011010
010001111010100000101101
010000100100100001000000
001110101010101000001101
001011111010101011001110
001000110011111101010010
000110000101000011100001
000011110111111110111101
000001101001000010111110
111110110010111111101110
111011011101000011001100
111000010101001001010101
110101111101000101010111
110100000101110000000010
110010000011001101100111
101111100010001111111001
101101000000111100111110
101011001101101111000010
101010010011000111001011
101001101101000100010011
101000110100010101111001
100111101101001111001101
100111000011011001111101
100111010111100001101111
101000011001011101101101
101001011010111101010000
101010000101000110001001
101010110010010011101000
101100001110100110010000
101110100011000011111100
110001001001110001011100
110011011000001100110010
110101001110110000111001
110111010110001100001110
111010001101110001000101
111101100100011101000111
000000101010001011100010
000011000101001100010000
000101001101011001001000
000111101101110110110010
001010110000000011000100
001101101110010000100011
001111111101000100011001
010001011011100110001101
010010110010011000011100
010100100010001110000100
010110011100001111010010
010111110001101110000010
011000001001010000100101
010111111011011001000011
010111110101010101111100
011000000011111111011100
011000000100110010110110
010111001110001111010110
010101100000101101100001
010011100110110111000111
010010000101000010110111
010000110000010110110100
001110111100111100101010
001100010010111011111010
001001001100010001010001
000110011000101111100101
000100001000101110100000
000001111100100110011101
111111001100001010101001
111011111000000101110110
111000101011110010101100
110110001101100001000110
110100010100011001100110
110010010101010010100110
101111110111011001000100
101101010011011000001010
101011011000101110100001
101010011000010011001001
101001110010010101100001
101000111100110101000110
100111110101100011101000
100111000101100000010111
100111010001101100010100
101000010000010011010101
101001010100000011111100
101010000000100110011000
101010101010110101000000
101011111111101001011010
101110001110011100000100
